28403257.7876797
26454663.8971418
11379391.3376492
3021728.50031585
526155.706099201
101847.525303188
69741.6875774916
58192.2094611628
42707.4033673024
31892.6410731155
25620.4982191627
21465.922346737
18173.5476585399
15431.7987987216
13224.4631779636
11570.7889948326
10523.1639620025
10295.4778416744
11333.188429663
13378.1493111272
14859.1816376301
14996.6711921055
14152.0225498817
12903.8064554751
11632.7820075197
10511.147575789
9589.08056442259
8864.51067706197
8319.77412711911
7933.97722137602
7681.979933417
7529.33128421602
7430.9359015052
7337.35318682613
7206.06877674221
7011.026062431
6745.7788052687
6420.47150821639
6055.67000737307
5675.96907517681
5304.9769386253
4962.10488571429
4660.94306418973
4408.76607970331
4206.73534148575
4050.5490843181
3931.51355977662
3838.10622104519
3757.96907338426
3679.9943576424
3595.98995696147
3501.51102688103
3395.75547501511
3280.73929263379
3160.13582092461
3038.1502928848
2918.66872948909
2804.76100637729
2698.51668924145
2601.18848013615
2513.64513535568
2437.11729875133
2374.29062282159
2331.14441047502
2320.63114417398
2370.51440785646
2538.98209008272
2936.80905453384
3720.24613882262
4963.96883752486
6470.10430648661
7822.96303824479
8662.61902425399
8865.61060080524
8529.01991166003
7848.77037132356
7013.43771919007
6157.85276141887
5360.13113171451
4655.93886786188
4054.52234757214
3550.95449143526
3133.98710138533
2790.5231467972
2507.89410843081
2274.85298078018
2081.87657431691
1921.12859931961
1786.27724653825
1672.26720786334
1575.09390030905
1491.60020664121
1419.30238907567
1356.24546510641
1300.8856275331
1251.99632806786
1208.5944680763
1169.88329999727
1135.20893908196
1104.02773331384
1075.88210412024
1050.38283404787
1027.19612811327
1006.03410345762
986.647659428013
968.820941611755
952.366835419364
937.123106685309
922.948949698353
909.72181007771
897.334425245508
885.69207399544
874.710054277255
864.311420221325
854.425010640582
844.983796133833
835.923564000763
827.181952024941
818.697835276677
810.411064745539
802.262551914796
794.194687299787
786.15207076781
778.082514566581
769.938255146361
761.677278283072
753.264628122849
744.673542032714
735.886238727389
726.894195628009
717.697788101115
708.305227970537
698.730824974233
688.992690579168
679.110093468975
669.100744710956
658.978325716079
648.750566425834
638.418133573289
627.974504056782
617.406885872223
606.698121526417
595.829381367846
584.783342720915
573.547470689189
562.11698178633
550.497092212048
538.704232664956
526.766046805401
514.720166411959
502.611947695185
490.49152580013
478.410659889318
466.419866157515
454.566254731212
442.892310800941
431.435633990811
420.229437723481
409.303475774729
398.685042428975
388.399778417624
378.472161062312
368.92570174852
359.782967384803
351.065565875034
342.794201180545
334.988841530981
327.668985594977
320.853975265008
314.563294677637
308.81680662459
303.634898379855
299.038528743071
295.049180023422
291.688720065406
288.979170528108
286.942360253576
285.599418851347
284.970037649388
285.07139512032
285.916614930215
287.512602148583
289.857095640958
292.934795546711
296.712492124046
301.133257313368
306.109982368986
311.51886132107
317.193811690221
322.923227598924
328.450756794453
333.481812675525
337.697095152128
340.773387790561
342.410378063621
342.360505819034
340.457391760906
336.637805351072
330.952788309883
323.565437436254
